# fmn-geom space_ops parity fixture
# generated from 3b1b/manim @ 6199a00d4c1b1127ebe45cb629c3f22538b10e13
# (and, for the rotation conventions, scipy's Rotation, which the
#  Reference delegates to and which §7.5 fixes as our semantics)
# by scripts/gen_space_ops_fixtures.py — regenerate, never hand-edit
case rotmat_zero_z
op rotation_matrix
angle 0.0
axis 0.0	0.0	1.0
matrix rows 3
1.0	0.0	0.0
0.0	1.0	0.0
0.0	0.0	1.0
end
case rotmat_zero_x
op rotation_matrix
angle 0.0
axis 1.0	0.0	0.0
matrix rows 3
1.0	0.0	0.0
0.0	1.0	0.0
0.0	0.0	1.0
end
case rotmat_zero_y
op rotation_matrix
angle 0.0
axis 0.0	1.0	0.0
matrix rows 3
1.0	0.0	0.0
0.0	1.0	0.0
0.0	0.0	1.0
end
case rotmat_zero_diag
op rotation_matrix
angle 0.0
axis 1.0	1.0	1.0
matrix rows 3
1.0	0.0	0.0
0.0	1.0	0.0
0.0	0.0	1.0
end
case rotmat_zero_long
op rotation_matrix
angle 0.0
axis 0.0	0.0	7.5
matrix rows 3
1.0	0.0	0.0
0.0	1.0	0.0
0.0	0.0	1.0
end
case rotmat_zero_skew
op rotation_matrix
angle 0.0
axis 0.3	-1.7	2.2
matrix rows 3
1.0	-0.0	0.0
0.0	1.0	-0.0
0.0	0.0	1.0
end
case rotmat_eps_z
op rotation_matrix
angle 1e-12
axis 0.0	0.0	1.0
matrix rows 3
1.0	-1e-12	0.0
1e-12	1.0	0.0
0.0	0.0	1.0
end
case rotmat_eps_x
op rotation_matrix
angle 1e-12
axis 1.0	0.0	0.0
matrix rows 3
1.0	0.0	0.0
0.0	1.0	-1e-12
0.0	1e-12	1.0
end
case rotmat_eps_y
op rotation_matrix
angle 1e-12
axis 0.0	1.0	0.0
matrix rows 3
1.0	0.0	1e-12
0.0	1.0	0.0
-1e-12	0.0	1.0
end
case rotmat_eps_diag
op rotation_matrix
angle 1e-12
axis 1.0	1.0	1.0
matrix rows 3
1.0	-5.773502691894591e-13	5.773502691897925e-13
5.773502691897925e-13	1.0	-5.773502691894591e-13
-5.773502691894591e-13	5.773502691897925e-13	1.0
end
case rotmat_eps_long
op rotation_matrix
angle 1e-12
axis 0.0	0.0	7.5
matrix rows 3
1.0	-1e-12	0.0
1e-12	1.0	0.0
0.0	0.0	1.0
end
case rotmat_eps_skew
op rotation_matrix
angle 1e-12
axis 0.3	-1.7	2.2
matrix rows 3
1.0	-7.867183938373993e-13	-6.079187588742865e-13
7.867183938373341e-13	1.0	-1.0727978097806186e-13
6.079187588743709e-13	1.072797809775836e-13	1.0
end
case rotmat_third_z
op rotation_matrix
angle 1.0471975511965976
axis 0.0	0.0	1.0
matrix rows 3
0.5000000000000002	-0.8660254037844386	0.0
0.8660254037844386	0.5000000000000002	0.0
0.0	0.0	1.0
end
case rotmat_third_x
op rotation_matrix
angle 1.0471975511965976
axis 1.0	0.0	0.0
matrix rows 3
1.0	0.0	0.0
0.0	0.5000000000000002	-0.8660254037844386
0.0	0.8660254037844386	0.5000000000000002
end
case rotmat_third_y
op rotation_matrix
angle 1.0471975511965976
axis 0.0	1.0	0.0
matrix rows 3
0.5000000000000002	0.0	0.8660254037844386
0.0	1.0	0.0
-0.8660254037844386	0.0	0.5000000000000002
end
case rotmat_third_diag
op rotation_matrix
angle 1.0471975511965976
axis 1.0	1.0	1.0
matrix rows 3
0.6666666666666665	-0.33333333333333326	0.6666666666666666
0.6666666666666666	0.6666666666666665	-0.33333333333333326
-0.33333333333333326	0.6666666666666666	0.6666666666666665
end
case rotmat_third_long
op rotation_matrix
angle 1.0471975511965976
axis 0.0	0.0	7.5
matrix rows 3
0.5000000000000002	-0.8660254037844386	0.0
0.8660254037844386	0.5000000000000002	0.0
0.0	0.0	1.0
end
case rotmat_third_skew
op rotation_matrix
angle 1.0471975511965976
axis 0.3	-1.7	2.2
matrix rows 3
0.505754475703325	-0.7139268103398244	-0.4842736001312268
0.6487094190354765	0.6847826086956523	-0.33203745042183375
0.568672577113324	-0.14622341914338358	0.8094629156010231
end
case rotmat_half_z
op rotation_matrix
angle 1.5707963267948966
axis 0.0	0.0	1.0
matrix rows 3
2.220446049250313e-16	-1.0	0.0
1.0	2.220446049250313e-16	0.0
0.0	0.0	1.0
end
case rotmat_half_x
op rotation_matrix
angle 1.5707963267948966
axis 1.0	0.0	0.0
matrix rows 3
1.0	0.0	0.0
0.0	2.220446049250313e-16	-1.0
0.0	1.0	2.220446049250313e-16
end
case rotmat_half_y
op rotation_matrix
angle 1.5707963267948966
axis 0.0	1.0	0.0
matrix rows 3
2.220446049250313e-16	0.0	1.0
0.0	1.0	0.0
-1.0	0.0	2.220446049250313e-16
end
case rotmat_half_diag
op rotation_matrix
angle 1.5707963267948966
axis 1.0	1.0	1.0
matrix rows 3
0.33333333333333315	-0.24401693585629242	0.9106836025229592
0.9106836025229592	0.33333333333333315	-0.24401693585629242
-0.24401693585629242	0.9106836025229592	0.33333333333333315
end
case rotmat_half_long
op rotation_matrix
angle 1.5707963267948966
axis 0.0	0.0	7.5
matrix rows 3
2.220446049250313e-16	-1.0	0.0
1.0	2.220446049250313e-16	0.0
0.0	0.0	1.0
end
case rotmat_half_skew
op rotation_matrix
angle 1.5707963267948966
axis 0.3	-1.7	2.2
matrix rows 3
0.011508951406649759	-0.8519357851417145	-0.5235197818922316
0.721501002533019	0.36956521739130443	-0.58554065054304
0.692317735856426	-0.37098108858739465	0.6189258312020463
end
case rotmat_near_pi_z
op rotation_matrix
angle 3.141592652589793
axis 0.0	0.0	1.0
matrix rows 3
-1.0	-1.0000002052050509e-09	0.0
1.0000002052050509e-09	-1.0	0.0
0.0	0.0	1.0
end
case rotmat_near_pi_x
op rotation_matrix
angle 3.141592652589793
axis 1.0	0.0	0.0
matrix rows 3
1.0	0.0	0.0
0.0	-1.0	-1.0000002052050509e-09
0.0	1.0000002052050509e-09	-1.0
end
case rotmat_near_pi_y
op rotation_matrix
angle 3.141592652589793
axis 0.0	1.0	0.0
matrix rows 3
-1.0	0.0	1.0000002052050509e-09
0.0	1.0	0.0
-1.0000002052050509e-09	0.0	-1.0
end
case rotmat_near_pi_diag
op rotation_matrix
angle 3.141592652589793
axis 1.0	1.0	1.0
matrix rows 3
-0.3333333333333333	0.6666666660893165	0.6666666672440168
0.6666666672440168	-0.3333333333333333	0.6666666660893165
0.6666666660893165	0.6666666672440168	-0.3333333333333333
end
case rotmat_near_pi_long
op rotation_matrix
angle 3.141592652589793
axis 0.0	0.0	7.5
matrix rows 3
-1.0	-1.0000002052050509e-09	0.0
1.0000002052050509e-09	-1.0	0.0
0.0	0.0	1.0
end
case rotmat_near_pi_skew
op rotation_matrix
angle 3.141592652589793
axis 0.3	-1.7	2.2
matrix rows 3
-0.9769820971867009	-0.1304347833954142	0.16879795335627548
-0.1304347818219771	-0.2608695652173914	-0.9565217392377147
0.16879795457211325	-0.956521739023155	0.23785166240409222
end
case rotmat_pi_z
op rotation_matrix
angle 3.141592653589793
axis 0.0	0.0	1.0
matrix rows 3
-1.0	-1.2246467991473532e-16	0.0
1.2246467991473532e-16	-1.0	0.0
0.0	0.0	1.0
end
case rotmat_pi_x
op rotation_matrix
angle 3.141592653589793
axis 1.0	0.0	0.0
matrix rows 3
1.0	0.0	0.0
0.0	-1.0	-1.2246467991473532e-16
0.0	1.2246467991473532e-16	-1.0
end
case rotmat_pi_y
op rotation_matrix
angle 3.141592653589793
axis 0.0	1.0	0.0
matrix rows 3
-1.0	0.0	1.2246467991473532e-16
0.0	1.0	0.0
-1.2246467991473532e-16	0.0	-1.0
end
case rotmat_pi_diag
op rotation_matrix
angle 3.141592653589793
axis 1.0	1.0	1.0
matrix rows 3
-0.3333333333333333	0.6666666666666669	0.6666666666666664
0.6666666666666664	-0.3333333333333333	0.6666666666666669
0.6666666666666669	0.6666666666666664	-0.3333333333333333
end
case rotmat_pi_long
op rotation_matrix
angle 3.141592653589793
axis 0.0	0.0	7.5
matrix rows 3
-1.0	-1.2246467991473532e-16	0.0
1.2246467991473532e-16	-1.0	0.0
0.0	0.0	1.0
end
case rotmat_pi_skew
op rotation_matrix
angle 3.141592653589793
axis 0.3	-1.7	2.2
matrix rows 3
-0.9769820971867009	-0.13043478260869573	0.1687979539641943
-0.13043478260869557	-0.2608695652173914	-0.9565217391304348
0.16879795396419447	-0.9565217391304348	0.23785166240409222
end
case rotmat_past_pi_z
op rotation_matrix
angle 3.541592653589793
axis 0.0	0.0	1.0
matrix rows 3
-0.9210609940028853	0.3894183423086503	0.0
-0.3894183423086503	-0.9210609940028853	0.0
0.0	0.0	1.0000000000000002
end
case rotmat_past_pi_x
op rotation_matrix
angle 3.541592653589793
axis 1.0	0.0	0.0
matrix rows 3
1.0000000000000002	0.0	0.0
0.0	-0.9210609940028853	0.3894183423086503
0.0	-0.3894183423086503	-0.9210609940028853
end
case rotmat_past_pi_y
op rotation_matrix
angle 3.541592653589793
axis 0.0	1.0	0.0
matrix rows 3
-0.9210609940028853	0.0	-0.3894183423086503
0.0	1.0000000000000002	0.0
0.3894183423086503	0.0	-0.9210609940028853
end
case rotmat_past_pi_diag
op rotation_matrix
angle 3.541592653589793
axis 1.0	1.0	1.0
matrix rows 3
-0.2807073293352569	0.8651844494269056	0.41552287990835146
0.41552287990835146	-0.2807073293352569	0.8651844494269056
0.8651844494269056	0.41552287990835146	-0.2807073293352569
end
case rotmat_past_pi_long
op rotation_matrix
angle 3.541592653589793
axis 0.0	0.0	7.5
matrix rows 3
-0.9210609940028853	0.3894183423086503	0.0
-0.3894183423086503	-0.9210609940028853	0.0
0.0	0.0	1.0000000000000002
end
case rotmat_past_pi_skew
op rotation_matrix
angle 3.541592653589793
axis 0.3	-1.7	2.2
matrix rows 3
-0.898951596373696	0.18107598622646567	0.3988702979532275
-0.43164915935727677	-0.21110367013225376	-0.876991587008022
-0.07459913272511895	-0.9605450159512596	0.2679332785001794
end
case rotmat_neg_half_z
op rotation_matrix
angle -1.5707963267948966
axis 0.0	0.0	1.0
matrix rows 3
2.220446049250313e-16	1.0	0.0
-1.0	2.220446049250313e-16	0.0
0.0	0.0	1.0
end
case rotmat_neg_half_x
op rotation_matrix
angle -1.5707963267948966
axis 1.0	0.0	0.0
matrix rows 3
1.0	0.0	0.0
0.0	2.220446049250313e-16	1.0
0.0	-1.0	2.220446049250313e-16
end
case rotmat_neg_half_y
op rotation_matrix
angle -1.5707963267948966
axis 0.0	1.0	0.0
matrix rows 3
2.220446049250313e-16	0.0	-1.0
0.0	1.0	0.0
1.0	0.0	2.220446049250313e-16
end
case rotmat_neg_half_diag
op rotation_matrix
angle -1.5707963267948966
axis 1.0	1.0	1.0
matrix rows 3
0.33333333333333315	0.9106836025229592	-0.24401693585629242
-0.24401693585629242	0.33333333333333315	0.9106836025229592
0.9106836025229592	-0.24401693585629242	0.33333333333333315
end
case rotmat_neg_half_long
op rotation_matrix
angle -1.5707963267948966
axis 0.0	0.0	7.5
matrix rows 3
2.220446049250313e-16	1.0	0.0
-1.0	2.220446049250313e-16	0.0
0.0	0.0	1.0
end
case rotmat_neg_half_skew
op rotation_matrix
angle -1.5707963267948966
axis 0.3	-1.7	2.2
matrix rows 3
0.011508951406649759	0.721501002533019	0.692317735856426
-0.8519357851417145	0.36956521739130443	-0.37098108858739465
-0.5235197818922316	-0.58554065054304	0.6189258312020463
end
case rotmat_big_z
op rotation_matrix
angle 19.94955592153876
axis 0.0	0.0	1.0
matrix rows 3
0.4535961214255768	-0.8912073600614356	0.0
0.8912073600614356	0.4535961214255768	0.0
0.0	0.0	1.0
end
case rotmat_big_x
op rotation_matrix
angle 19.94955592153876
axis 1.0	0.0	0.0
matrix rows 3
1.0	0.0	0.0
0.0	0.4535961214255768	-0.8912073600614356
0.0	0.8912073600614356	0.4535961214255768
end
case rotmat_big_y
op rotation_matrix
angle 19.94955592153876
axis 0.0	1.0	0.0
matrix rows 3
0.4535961214255768	0.0	0.8912073600614356
0.0	1.0	0.0
-0.8912073600614356	0.0	0.4535961214255768
end
case rotmat_big_diag
op rotation_matrix
angle 19.94955592153876
axis 1.0	1.0	1.0
matrix rows 3
0.6357307476170491	-0.3324041830437712	0.6966734354267221
0.6966734354267221	0.6357307476170491	-0.3324041830437712
-0.3324041830437712	0.6966734354267221	0.6357307476170491
end
case rotmat_big_long
op rotation_matrix
angle 19.94955592153876
axis 0.0	0.0	7.5
matrix rows 3
0.4535961214255768	-0.8912073600614356	0.0
0.8912073600614356	0.4535961214255768	0.0
0.0	0.0	1.0
end
case rotmat_big_skew
op rotation_matrix
angle 19.94955592153876
axis 0.3	-1.7	2.2
matrix rows 3
0.4598846571124947	-0.736764258442774	-0.4956657438574837
0.6654941873243709	0.6555279895943853	-0.35693212449402556
0.5878976005989465	-0.1657150637075967	0.7917795961442736
end
case rotz_zero
op rotation_about_z
angle 0.0
matrix rows 3
1.0	-0.0	0.0
0.0	1.0	0.0
0.0	0.0	1.0
end
case rotz_eps
op rotation_about_z
angle 1e-12
matrix rows 3
1.0	-1e-12	0.0
1e-12	1.0	0.0
0.0	0.0	1.0
end
case rotz_third
op rotation_about_z
angle 1.0471975511965976
matrix rows 3
0.5000000000000001	-0.8660254037844386	0.0
0.8660254037844386	0.5000000000000001	0.0
0.0	0.0	1.0
end
case rotz_half
op rotation_about_z
angle 1.5707963267948966
matrix rows 3
6.123233995736766e-17	-1.0	0.0
1.0	6.123233995736766e-17	0.0
0.0	0.0	1.0
end
case rotz_near_pi
op rotation_about_z
angle 3.141592652589793
matrix rows 3
-1.0	-1.0000002052050509e-09	0.0
1.0000002052050509e-09	-1.0	0.0
0.0	0.0	1.0
end
case rotz_pi
op rotation_about_z
angle 3.141592653589793
matrix rows 3
-1.0	-1.2246467991473532e-16	0.0
1.2246467991473532e-16	-1.0	0.0
0.0	0.0	1.0
end
case rotz_past_pi
op rotation_about_z
angle 3.541592653589793
matrix rows 3
-0.9210609940028852	0.3894183423086503	0.0
-0.3894183423086503	-0.9210609940028852	0.0
0.0	0.0	1.0
end
case rotz_neg_half
op rotation_about_z
angle -1.5707963267948966
matrix rows 3
6.123233995736766e-17	1.0	0.0
-1.0	6.123233995736766e-17	0.0
0.0	0.0	1.0
end
case rotz_big
op rotation_about_z
angle 19.94955592153876
matrix rows 3
0.45359612142557676	-0.8912073600614356	0.0
0.8912073600614356	0.45359612142557676	0.0
0.0	0.0	1.0
end
case rotmatT_zero
op rotation_matrix_transpose
angle 0.0
axis 0.3	-1.7	2.2
matrix rows 3
1.0	0.0	0.0
-0.0	1.0	0.0
0.0	-0.0	1.0
end
case rotmatT_eps
op rotation_matrix_transpose
angle 1e-12
axis 0.3	-1.7	2.2
matrix rows 3
1.0	7.867183938373341e-13	6.079187588743709e-13
-7.867183938373993e-13	1.0	1.072797809775836e-13
-6.079187588742865e-13	-1.0727978097806186e-13	1.0
end
case rotmatT_third
op rotation_matrix_transpose
angle 1.0471975511965976
axis 0.3	-1.7	2.2
matrix rows 3
0.505754475703325	0.6487094190354765	0.568672577113324
-0.7139268103398244	0.6847826086956523	-0.14622341914338358
-0.4842736001312268	-0.33203745042183375	0.8094629156010231
end
case rotmatT_half
op rotation_matrix_transpose
angle 1.5707963267948966
axis 0.3	-1.7	2.2
matrix rows 3
0.011508951406649759	0.721501002533019	0.692317735856426
-0.8519357851417145	0.36956521739130443	-0.37098108858739465
-0.5235197818922316	-0.58554065054304	0.6189258312020463
end
case rotbetween_out_to_x
op rotation_between_vectors
v1 0.0	0.0	1.0
v2 1.0	0.0	0.0
matrix rows 3
2.220446049250313e-16	0.0	1.0
0.0	1.0	0.0
-1.0	0.0	2.220446049250313e-16
end
case rotbetween_x_to_up
op rotation_between_vectors
v1 1.0	0.0	0.0
v2 0.0	1.0	0.0
matrix rows 3
2.220446049250313e-16	-1.0	0.0
1.0	2.220446049250313e-16	0.0
0.0	0.0	1.0
end
case rotbetween_general
op rotation_between_vectors
v1 1.0	-2.0	3.0
v2 -3.0	4.0	0.0
matrix rows 3
0.4105770644645269	0.8558183442688652	-0.31464493599705384
0.6420093507389255	-0.026289346579412176	0.7662459551738012
0.6474955348876741	-0.516608006005836	-0.560237182299782
end
case rotbetween_same
op rotation_between_vectors
v1 0.0	0.0	1.0
v2 0.0	0.0	1.0
matrix rows 3
1.0	0.0	0.0
0.0	1.0	0.0
0.0	0.0	1.0
end
case rotbetween_anti_z
op rotation_between_vectors
v1 0.0	0.0	1.0
v2 0.0	0.0	-1.0
matrix rows 3
-1.0	0.0	1.2246467991473532e-16
0.0	1.0	0.0
-1.2246467991473532e-16	0.0	-1.0
end
case rotbetween_anti_x
op rotation_between_vectors
v1 1.0	0.0	0.0
v2 -1.0	0.0	0.0
matrix rows 3
-1.0	-1.2246467991473532e-16	0.0
1.2246467991473532e-16	-1.0	0.0
0.0	0.0	1.0
end
case rotbetween_zero_src
op rotation_between_vectors
v1 0.0	0.0	0.0
v2 0.0	0.0	1.0
matrix rows 3
1.0	0.0	0.0
0.0	1.0	0.0
0.0	0.0	1.0
end
case z_to_vector_right
op z_to_vector
v 1.0	0.0	0.0
matrix rows 3
2.220446049250313e-16	0.0	1.0
0.0	1.0	0.0
-1.0	0.0	2.220446049250313e-16
end
case z_to_vector_up
op z_to_vector
v 0.0	1.0	0.0
matrix rows 3
1.0	-0.0	0.0
0.0	2.220446049250313e-16	1.0
-0.0	-1.0	2.220446049250313e-16
end
case z_to_vector_out
op z_to_vector
v 0.0	0.0	1.0
matrix rows 3
1.0	0.0	0.0
0.0	1.0	0.0
0.0	0.0	1.0
end
case z_to_vector_general
op z_to_vector
v 1.0	-2.0	3.0
matrix rows 3
0.9603567451474547	0.07928650970509071	0.26726124191242434
0.07928650970509071	0.8414269805898186	-0.5345224838248487
-0.26726124191242434	0.5345224838248487	0.8017837257372733
end
case z_to_vector_planar
op z_to_vector
v -3.0	4.0	0.0
matrix rows 3
0.6400000000000001	0.48	-0.6000000000000001
0.48	0.3600000000000001	0.8
0.6000000000000001	-0.8	1.1102230246251565e-16
end
case quat_from_aa_zero_z
op quaternion_from_angle_axis
angle 0.0
axis 0.0	0.0	1.0
quat 0.0	0.0	0.0	1.0
end
case quat_from_aa_zero_x
op quaternion_from_angle_axis
angle 0.0
axis 1.0	0.0	0.0
quat 0.0	0.0	0.0	1.0
end
case quat_from_aa_zero_diag
op quaternion_from_angle_axis
angle 0.0
axis 1.0	1.0	1.0
quat 0.0	0.0	0.0	1.0
end
case quat_from_aa_zero_skew
op quaternion_from_angle_axis
angle 0.0
axis 0.3	-1.7	2.2
quat 0.0	-0.0	0.0	1.0
end
case quat_from_aa_eps_z
op quaternion_from_angle_axis
angle 1e-12
axis 0.0	0.0	1.0
quat 0.0	0.0	5e-13	1.0
end
case quat_from_aa_eps_x
op quaternion_from_angle_axis
angle 1e-12
axis 1.0	0.0	0.0
quat 5e-13	0.0	0.0	1.0
end
case quat_from_aa_eps_diag
op quaternion_from_angle_axis
angle 1e-12
axis 1.0	1.0	1.0
quat 2.886751345948129e-13	2.886751345948129e-13	2.886751345948129e-13	1.0
end
case quat_from_aa_eps_skew
op quaternion_from_angle_axis
angle 1e-12
axis 0.3	-1.7	2.2
quat 5.3639890488911364e-14	-3.0395937943716436e-13	3.9335919691868335e-13	1.0
end
case quat_from_aa_third_z
op quaternion_from_angle_axis
angle 1.0471975511965976
axis 0.0	0.0	1.0
quat 0.0	0.0	0.49999999999999994	0.8660254037844387
end
case quat_from_aa_third_x
op quaternion_from_angle_axis
angle 1.0471975511965976
axis 1.0	0.0	0.0
quat 0.49999999999999994	0.0	0.0	0.8660254037844387
end
case quat_from_aa_third_diag
op quaternion_from_angle_axis
angle 1.0471975511965976
axis 1.0	1.0	1.0
quat 0.28867513459481287	0.28867513459481287	0.28867513459481287	0.8660254037844386
end
case quat_from_aa_third_skew
op quaternion_from_angle_axis
angle 1.0471975511965976
axis 0.3	-1.7	2.2
quat 0.05363989048891136	-0.3039593794371644	0.3933591969186833	0.8660254037844387
end
case quat_from_aa_half_z
op quaternion_from_angle_axis
angle 1.5707963267948966
axis 0.0	0.0	1.0
quat 0.0	0.0	0.7071067811865475	0.7071067811865476
end
case quat_from_aa_half_x
op quaternion_from_angle_axis
angle 1.5707963267948966
axis 1.0	0.0	0.0
quat 0.7071067811865475	0.0	0.0	0.7071067811865476
end
case quat_from_aa_half_diag
op quaternion_from_angle_axis
angle 1.5707963267948966
axis 1.0	1.0	1.0
quat 0.4082482904638631	0.4082482904638631	0.4082482904638631	0.7071067811865475
end
case quat_from_aa_half_skew
op quaternion_from_angle_axis
angle 1.5707963267948966
axis 0.3	-1.7	2.2
quat 0.07585826061362604	-0.42986347681054754	0.556293911166591	0.7071067811865476
end
case quat_from_aa_near_pi_z
op quaternion_from_angle_axis
angle 3.141592652589793
axis 0.0	0.0	1.0
quat 0.0	0.0	1.0	5.000001026025254e-10
end
case quat_from_aa_near_pi_x
op quaternion_from_angle_axis
angle 3.141592652589793
axis 1.0	0.0	0.0
quat 1.0	0.0	0.0	5.000001026025254e-10
end
case quat_from_aa_near_pi_diag
op quaternion_from_angle_axis
angle 3.141592652589793
axis 1.0	1.0	1.0
quat 0.5773502691896257	0.5773502691896257	0.5773502691896257	4.999998805579205e-10
end
case quat_from_aa_near_pi_skew
op quaternion_from_angle_axis
angle 3.141592652589793
axis 0.3	-1.7	2.2
quat 0.10727978097782273	-0.6079187588743288	0.7867183938373667	5.000001026025254e-10
end
case quat_from_aa_pi_z
op quaternion_from_angle_axis
angle 3.141592653589793
axis 0.0	0.0	1.0
quat 0.0	0.0	1.0	6.123233995736766e-17
end
case quat_from_aa_pi_x
op quaternion_from_angle_axis
angle 3.141592653589793
axis 1.0	0.0	0.0
quat 1.0	0.0	0.0	6.123233995736766e-17
end
case quat_from_aa_pi_diag
op quaternion_from_angle_axis
angle 3.141592653589793
axis 1.0	1.0	1.0
quat 0.5773502691896257	0.5773502691896257	0.5773502691896257	-1.6081226496766364e-16
end
case quat_from_aa_pi_skew
op quaternion_from_angle_axis
angle 3.141592653589793
axis 0.3	-1.7	2.2
quat 0.10727978097782274	-0.6079187588743288	0.7867183938373667	6.123233995736766e-17
end
case quat_from_aa_past_pi_z
op quaternion_from_angle_axis
angle 3.541592653589793
axis 0.0	0.0	1.0
quat 0.0	0.0	0.9800665778412417	-0.1986693307950611
end
case quat_from_aa_past_pi_x
op quaternion_from_angle_axis
angle 3.541592653589793
axis 1.0	0.0	0.0
quat 0.9800665778412417	0.0	0.0	-0.1986693307950611
end
case quat_from_aa_past_pi_diag
op quaternion_from_angle_axis
angle 3.541592653589793
axis 1.0	1.0	1.0
quat 0.5658417025403962	0.5658417025403962	0.5658417025403962	-0.1986693307950611
end
case quat_from_aa_past_pi_skew
op quaternion_from_angle_axis
angle 3.541592653589793
axis 0.3	-1.7	2.2
quat 0.10514132781449266	-0.5958008576154584	0.7710364039729463	-0.1986693307950611
end
case quat_from_aa_neg_half_z
op quaternion_from_angle_axis
angle -1.5707963267948966
axis 0.0	0.0	1.0
quat -0.0	-0.0	-0.7071067811865475	0.7071067811865476
end
case quat_from_aa_neg_half_x
op quaternion_from_angle_axis
angle -1.5707963267948966
axis 1.0	0.0	0.0
quat -0.7071067811865475	-0.0	-0.0	0.7071067811865476
end
case quat_from_aa_neg_half_diag
op quaternion_from_angle_axis
angle -1.5707963267948966
axis 1.0	1.0	1.0
quat -0.4082482904638631	-0.4082482904638631	-0.4082482904638631	0.7071067811865475
end
case quat_from_aa_neg_half_skew
op quaternion_from_angle_axis
angle -1.5707963267948966
axis 0.3	-1.7	2.2
quat -0.07585826061362604	0.42986347681054754	-0.556293911166591	0.7071067811865476
end
case quat_from_aa_big_z
op quaternion_from_angle_axis
angle 19.94955592153876
axis 0.0	0.0	1.0
quat -0.0	-0.0	-0.5226872289306594	-0.8525245220595056
end
case quat_from_aa_big_x
op quaternion_from_angle_axis
angle 19.94955592153876
axis 1.0	0.0	0.0
quat -0.5226872289306594	-0.0	-0.0	-0.8525245220595056
end
case quat_from_aa_big_diag
op quaternion_from_angle_axis
angle 19.94955592153876
axis 1.0	1.0	1.0
quat -0.3017736123250967	-0.3017736123250967	-0.3017736123250967	-0.8525245220595047
end
case quat_from_aa_big_skew
op quaternion_from_angle_axis
angle 19.94955592153876
axis 0.3	-1.7	2.2
quat -0.05607377143958624	0.31775137149098864	-0.41120765722363245	-0.8525245220595056
end
case aa_from_quat_third_z
op angle_axis_from_quaternion
quat 0.0	0.0	0.49999999999999994	0.8660254037844387
angle 1.0471975511965976
axis 0.0	0.0	1.0
end
case aa_from_quat_third_diag
op angle_axis_from_quaternion
quat 0.28867513459481287	0.28867513459481287	0.28867513459481287	0.8660254037844386
angle 1.047197551196598
axis 0.5773502691896257	0.5773502691896257	0.5773502691896257
end
case aa_from_quat_third_skew
op angle_axis_from_quaternion
quat 0.05363989048891136	-0.3039593794371644	0.3933591969186833	0.8660254037844387
angle 1.0471975511965979
axis 0.10727978097782272	-0.6079187588743288	0.7867183938373666
end
case aa_from_quat_half_z
op angle_axis_from_quaternion
quat 0.0	0.0	0.7071067811865475	0.7071067811865476
angle 1.5707963267948963
axis 0.0	0.0	1.0
end
case aa_from_quat_half_diag
op angle_axis_from_quaternion
quat 0.4082482904638631	0.4082482904638631	0.4082482904638631	0.7071067811865475
angle 1.5707963267948968
axis 0.5773502691896257	0.5773502691896257	0.5773502691896257
end
case aa_from_quat_half_skew
op angle_axis_from_quaternion
quat 0.07585826061362604	-0.42986347681054754	0.556293911166591	0.7071067811865476
angle 1.5707963267948966
axis 0.10727978097782272	-0.6079187588743288	0.7867183938373667
end
case aa_from_quat_near_pi_z
op angle_axis_from_quaternion
quat 0.0	0.0	1.0	5.000001026025254e-10
angle 3.141592652589793
axis 0.0	0.0	1.0
end
case aa_from_quat_near_pi_diag
op angle_axis_from_quaternion
quat 0.5773502691896257	0.5773502691896257	0.5773502691896257	4.999998805579205e-10
angle 3.1415926525897935
axis 0.5773502691896257	0.5773502691896257	0.5773502691896257
end
case aa_from_quat_near_pi_skew
op angle_axis_from_quaternion
quat 0.10727978097782273	-0.6079187588743288	0.7867183938373667	5.000001026025254e-10
angle 3.141592652589793
axis 0.10727978097782273	-0.6079187588743288	0.7867183938373667
end
case aa_from_quat_past_pi_z
op angle_axis_from_quaternion
quat 0.0	0.0	0.9800665778412417	-0.1986693307950611
angle 2.741592653589794
axis -0.0	-0.0	-1.0
end
case aa_from_quat_past_pi_diag
op angle_axis_from_quaternion
quat 0.5658417025403962	0.5658417025403962	0.5658417025403962	-0.1986693307950611
angle 2.741592653589794
axis -0.5773502691896258	-0.5773502691896258	-0.5773502691896258
end
case aa_from_quat_past_pi_skew
op angle_axis_from_quaternion
quat 0.10514132781449266	-0.5958008576154584	0.7710364039729463	-0.1986693307950611
angle 2.741592653589794
axis -0.10727978097782273	0.6079187588743288	-0.7867183938373667
end
case aa_from_quat_neg_half_z
op angle_axis_from_quaternion
quat -0.0	-0.0	-0.7071067811865475	0.7071067811865476
angle 1.5707963267948963
axis -0.0	-0.0	-1.0
end
case aa_from_quat_neg_half_diag
op angle_axis_from_quaternion
quat -0.4082482904638631	-0.4082482904638631	-0.4082482904638631	0.7071067811865475
angle 1.5707963267948968
axis -0.5773502691896257	-0.5773502691896257	-0.5773502691896257
end
case aa_from_quat_neg_half_skew
op angle_axis_from_quaternion
quat -0.07585826061362604	0.42986347681054754	-0.556293911166591	0.7071067811865476
angle 1.5707963267948966
axis -0.10727978097782272	0.6079187588743288	-0.7867183938373667
end
case quat_mult_pair
op quaternion_mult
quats rows 2
0.0	0.0	0.49999999999999994	0.8660254037844387
0.7071067811865475	0.0	0.0	0.7071067811865476
quat 0.6123724356957945	0.3535533905932737	0.35355339059327373	0.6123724356957946
end
case quat_mult_triple
op quaternion_mult
quats rows 3
0.0	0.0	0.49999999999999994	0.8660254037844387
0.7071067811865475	0.0	0.0	0.7071067811865476
0.10514132781449266	-0.5958008576154584	0.7710364039729463	-0.1986693307950611
quat 0.42597597723283165	-0.870080605647859	-0.00010387010636508237	-0.2480003945702306
end
case quat_mult_single
op quaternion_mult
quats rows 1
0.0	0.0	0.49999999999999994	0.8660254037844387
quat 0.0	0.0	0.49999999999999994	0.8660254037844387
end
case quat_conj_0
op quaternion_conjugate
quat 0.0	0.0	0.49999999999999994	0.8660254037844387
out -0.0	-0.0	-0.49999999999999994	0.8660254037844387
end
case quat_to_matrix_0
op rotation_matrix_from_quaternion
quat 0.0	0.0	0.49999999999999994	0.8660254037844387
matrix rows 3
0.5000000000000002	0.8660254037844386	0.0
-0.8660254037844386	0.5000000000000002	0.0
0.0	0.0	1.0
end
case quat_to_matrixT_0
op rotation_matrix_transpose_from_quaternion
quat 0.0	0.0	0.49999999999999994	0.8660254037844387
matrix rows 3
0.5000000000000002	-0.8660254037844386	0.0
0.8660254037844386	0.5000000000000002	0.0
0.0	0.0	1.0
end
case quat_conj_1
op quaternion_conjugate
quat 0.7071067811865475	0.0	0.0	0.7071067811865476
out -0.7071067811865475	-0.0	-0.0	0.7071067811865476
end
case quat_to_matrix_1
op rotation_matrix_from_quaternion
quat 0.7071067811865475	0.0	0.0	0.7071067811865476
matrix rows 3
1.0	0.0	0.0
0.0	2.220446049250313e-16	1.0
0.0	-1.0	2.220446049250313e-16
end
case quat_to_matrixT_1
op rotation_matrix_transpose_from_quaternion
quat 0.7071067811865475	0.0	0.0	0.7071067811865476
matrix rows 3
1.0	0.0	0.0
0.0	2.220446049250313e-16	-1.0
0.0	1.0	2.220446049250313e-16
end
case quat_conj_2
op quaternion_conjugate
quat 0.10514132781449266	-0.5958008576154584	0.7710364039729463	-0.1986693307950611
out -0.10514132781449266	0.5958008576154584	-0.7710364039729463	-0.1986693307950611
end
case quat_to_matrix_2
op rotation_matrix_from_quaternion
quat 0.10514132781449266	-0.5958008576154584	0.7710364039729463	-0.1986693307950611
matrix rows 3
-0.898951596373696	-0.43164915935727677	-0.07459913272511895
0.18107598622646567	-0.21110367013225376	-0.9605450159512596
0.3988702979532275	-0.876991587008022	0.2679332785001794
end
case quat_to_matrixT_2
op rotation_matrix_transpose_from_quaternion
quat 0.10514132781449266	-0.5958008576154584	0.7710364039729463	-0.1986693307950611
matrix rows 3
-0.898951596373696	0.18107598622646567	0.3988702979532275
-0.43164915935727677	-0.21110367013225376	-0.876991587008022
-0.07459913272511895	-0.9605450159512596	0.2679332785001794
end
case as_euler_zxz_identity
op as_euler
seq zxz
quat 0.0	0.0	0.0	1.0
angles 0.0	0.0	0.0
end
case as_euler_zxy_identity
op as_euler
seq zxy
quat 0.0	0.0	0.0	1.0
angles 0.0	0.0	0.0
end
case as_euler_xyz_identity
op as_euler
seq xyz
quat 0.0	0.0	0.0	1.0
angles 0.0	0.0	0.0
end
case as_euler_ZXZ_identity
op as_euler
seq ZXZ
quat 0.0	0.0	0.0	1.0
angles 0.0	0.0	0.0
end
case as_euler_ZXY_identity
op as_euler
seq ZXY
quat 0.0	0.0	0.0	1.0
angles -0.0	0.0	0.0
end
case as_euler_XYZ_identity
op as_euler
seq XYZ
quat 0.0	0.0	0.0	1.0
angles -0.0	0.0	0.0
end
case as_euler_zxz_pure_z
op as_euler
seq zxz
quat 0.0	0.0	0.479425538604203	0.8775825618903728
angles 1.0	0.0	0.0
end
case as_euler_zxy_pure_z
op as_euler
seq zxy
quat 0.0	0.0	0.479425538604203	0.8775825618903728
angles 1.0	0.0	0.0
end
case as_euler_xyz_pure_z
op as_euler
seq xyz
quat 0.0	0.0	0.479425538604203	0.8775825618903728
angles 0.0	0.0	1.0
end
case as_euler_ZXZ_pure_z
op as_euler
seq ZXZ
quat 0.0	0.0	0.479425538604203	0.8775825618903728
angles 1.0	0.0	0.0
end
case as_euler_ZXY_pure_z
op as_euler
seq ZXY
quat 0.0	0.0	0.479425538604203	0.8775825618903728
angles 1.0	0.0	0.0
end
case as_euler_XYZ_pure_z
op as_euler
seq XYZ
quat 0.0	0.0	0.479425538604203	0.8775825618903728
angles -0.0	0.0	1.0
end
case as_euler_zxz_pure_x
op as_euler
seq zxz
quat 0.34289780745545134	0.0	0.0	0.9393727128473789
angles 0.0	0.7	0.0
end
case as_euler_zxy_pure_x
op as_euler
seq zxy
quat 0.34289780745545134	0.0	0.0	0.9393727128473789
angles 0.0	0.7000000000000002	0.0
end
case as_euler_xyz_pure_x
op as_euler
seq xyz
quat 0.34289780745545134	0.0	0.0	0.9393727128473789
angles 0.7	0.0	0.0
end
case as_euler_ZXZ_pure_x
op as_euler
seq ZXZ
quat 0.34289780745545134	0.0	0.0	0.9393727128473789
angles 0.0	0.7	0.0
end
case as_euler_ZXY_pure_x
op as_euler
seq ZXY
quat 0.34289780745545134	0.0	0.0	0.9393727128473789
angles -0.0	0.7000000000000002	0.0
end
case as_euler_XYZ_pure_x
op as_euler
seq XYZ
quat 0.34289780745545134	0.0	0.0	0.9393727128473789
angles 0.7	0.0	0.0
end
case as_euler_zxz_pure_y
op as_euler
seq zxz
quat 0.0	-0.6051864057360395	0.0	0.7960837985490559
angles 1.5707963267948966	1.2999999999999998	-1.5707963267948966
end
case as_euler_zxy_pure_y
op as_euler
seq zxy
quat 0.0	-0.6051864057360395	0.0	0.7960837985490559
angles 0.0	0.0	-1.2999999999999998
end
case as_euler_xyz_pure_y
op as_euler
seq xyz
quat 0.0	-0.6051864057360395	0.0	0.7960837985490559
angles 0.0	-1.2999999999999998	0.0
end
case as_euler_ZXZ_pure_y
op as_euler
seq ZXZ
quat 0.0	-0.6051864057360395	0.0	0.7960837985490559
angles -1.5707963267948966	1.2999999999999998	1.5707963267948966
end
case as_euler_ZXY_pure_y
op as_euler
seq ZXY
quat 0.0	-0.6051864057360395	0.0	0.7960837985490559
angles -0.0	0.0	-1.2999999999999998
end
case as_euler_XYZ_pure_y
op as_euler
seq XYZ
quat 0.0	-0.6051864057360395	0.0	0.7960837985490559
angles -0.0	-1.2999999999999998	0.0
end
case as_euler_zxz_general
op as_euler
seq zxz
quat 0.0916432938695913	0.1832865877391826	0.27492988160877385	0.9393727128473789
angles -0.8224265878011339	0.41276524117661734	1.391870847787047
end
case as_euler_zxy_general
op as_euler
seq zxy
quat 0.0916432938695913	0.1832865877391826	0.27492988160877385	0.9393727128473789
angles 0.584190793000794	0.07145328554758779	0.40688398209126886
end
case as_euler_xyz_general
op as_euler
seq xyz
quat 0.0916432938695913	0.1832865877391826	0.27492988160877385	0.9393727128473789
angles 0.2896047297230665	0.29836504314308865	0.6132713903790173
end
case as_euler_ZXZ_general
op as_euler
seq ZXZ
quat 0.0916432938695913	0.1832865877391826	0.27492988160877385	0.9393727128473789
angles 1.391870847787047	0.41276524117661734	-0.8224265878011339
end
case as_euler_ZXY_general
op as_euler
seq ZXY
quat 0.0916432938695913	0.1832865877391826	0.27492988160877385	0.9393727128473789
angles 0.5259001296741874	0.2764647306959338	0.31052768667780883
end
case as_euler_XYZ_general
op as_euler
seq XYZ
quat 0.0916432938695913	0.1832865877391826	0.27492988160877385	0.9393727128473789
angles 0.07778089267039301	0.4057846341911624	0.5534352130968629
end
case as_euler_zxz_general2
op as_euler
seq zxz
quat -0.9062188305328516	0.3624875322131406	0.1812437661065703	0.12050276936736684
angles -1.7770447163036887	2.702786582383535	-2.5380574705284182
end
case as_euler_zxy_general2
op as_euler
seq zxy
quat -0.9062188305328516	0.3624875322131406	0.1812437661065703	0.12050276936736684
angles -2.4278541441330983	-0.35735864173819976	-2.8812697951657764
end
case as_euler_xyz_general2
op as_euler
seq xyz
quat -0.9062188305328516	0.3624875322131406	0.1812437661065703	0.12050276936736684
angles -3.045774707136011	0.4288822332295108	-0.7401293659952835
end
case as_euler_ZXZ_general2
op as_euler
seq ZXZ
quat -0.9062188305328516	0.3624875322131406	0.1812437661065703	0.12050276936736684
angles -2.5380574705284182	2.702786582383535	-1.7770447163036887
end
case as_euler_ZXY_general2
op as_euler
seq ZXY
quat -0.9062188305328516	0.3624875322131406	0.1812437661065703	0.12050276936736684
angles 2.36151582981395	-0.08711669738122141	2.7109690426089452
end
case as_euler_XYZ_general2
op as_euler
seq XYZ
quat -0.9062188305328516	0.3624875322131406	0.1812437661065703	0.12050276936736684
angles -2.7728567732695786	-0.24353161070231333	0.8066457970400117
end
case as_euler_zxz_gimbal_zero
op as_euler
seq zxz
quat 0.0	0.0	0.6051864057360395	0.7960837985490558
angles 1.3	0.0	0.0
end
case as_euler_zxy_gimbal_zero
op as_euler
seq zxy
quat 0.0	0.0	0.6051864057360395	0.7960837985490558
angles 1.3	0.0	0.0
end
case as_euler_xyz_gimbal_zero
op as_euler
seq xyz
quat 0.0	0.0	0.6051864057360395	0.7960837985490558
angles 0.0	0.0	1.3
end
case as_euler_ZXZ_gimbal_zero
op as_euler
seq ZXZ
quat 0.0	0.0	0.6051864057360395	0.7960837985490558
angles 1.3	0.0	0.0
end
case as_euler_ZXY_gimbal_zero
op as_euler
seq ZXY
quat 0.0	0.0	0.6051864057360395	0.7960837985490558
angles 1.3	0.0	0.0
end
case as_euler_XYZ_gimbal_zero
op as_euler
seq XYZ
quat 0.0	0.0	0.6051864057360395	0.7960837985490558
angles -0.0	0.0	1.3
end
case as_euler_zxz_gimbal_pi
op as_euler
seq zxz
quat 0.9689124217106447	0.24740395925452294	3.7056979733606615e-17	4.8746073787308377e-17
angles -0.5	3.141592653589793	0.0
end
case as_euler_zxy_gimbal_pi
op as_euler
seq zxy
quat 0.9689124217106447	0.24740395925452294	3.7056979733606615e-17	4.8746073787308377e-17
angles 2.641592653589793	0.0	3.141592653589793
end
case as_euler_xyz_gimbal_pi
op as_euler
seq xyz
quat 0.9689124217106447	0.24740395925452294	3.7056979733606615e-17	4.8746073787308377e-17
angles 3.141592653589793	2.220446049250313e-16	0.5
end
case as_euler_ZXZ_gimbal_pi
op as_euler
seq ZXZ
quat 0.9689124217106447	0.24740395925452294	3.7056979733606615e-17	4.8746073787308377e-17
angles 0.5	3.141592653589793	0.0
end
case as_euler_ZXY_gimbal_pi
op as_euler
seq ZXY
quat 0.9689124217106447	0.24740395925452294	3.7056979733606615e-17	4.8746073787308377e-17
angles -2.641592653589793	0.0	3.141592653589793
end
case as_euler_XYZ_gimbal_pi
op as_euler
seq XYZ
quat 0.9689124217106447	0.24740395925452294	3.7056979733606615e-17	4.8746073787308377e-17
angles 3.141592653589793	2.220446049250313e-16	-0.5
end
case as_euler_zxz_near_lock
op as_euler
seq zxz
quat 4.844562108553224e-10	1.2370197962726148e-10	0.6051864057360395	0.7960837985490558
angles 1.3	1.0000000000000003e-09	0.0
end
case as_euler_zxy_near_lock
op as_euler
seq zxy
quat 4.844562108553224e-10	1.2370197962726148e-10	0.6051864057360395	0.7960837985490558
angles 1.3	6.216100967293414e-10	7.833269588530811e-10
end
case as_euler_xyz_near_lock
op as_euler
seq xyz
quat 4.844562108553224e-10	1.2370197962726148e-10	0.6051864057360395	0.7960837985490558
angles 9.210610052434731e-10	-3.894182754038411e-10	1.3
end
case as_euler_ZXZ_near_lock
op as_euler
seq ZXZ
quat 4.844562108553224e-10	1.2370197962726148e-10	0.6051864057360395	0.7960837985490558
angles 1.3	1.0000000000000003e-09	0.0
end
case as_euler_ZXY_near_lock
op as_euler
seq ZXY
quat 4.844562108553224e-10	1.2370197962726148e-10	0.6051864057360395	0.7960837985490558
angles 1.3	9.21061227288078e-10	-3.8941849744844603e-10
end
case as_euler_XYZ_near_lock
op as_euler
seq XYZ
quat 4.844562108553224e-10	1.2370197962726148e-10	0.6051864057360395	0.7960837985490558
angles 6.216100967293414e-10	7.833269588530811e-10	1.3
end
case as_euler_zxz_off_lock
op as_euler
seq zxz
quat 4.844562108533038e-06	1.2370197962674608e-06	0.6051864057284747	0.7960837985391047
angles 0.39999999999999997	1e-05	0.9000000000000001
end
case as_euler_zxy_off_lock
op as_euler
seq zxy
quat 4.844562108533038e-06	1.2370197962674608e-06	0.6051864057284747	0.7960837985391047
angles 1.3000000000243461	6.216099682765375e-06	7.833269096368944e-06
end
case as_euler_xyz_off_lock
op as_euler
seq xyz
quat 4.844562108533038e-06	1.2370197962674608e-06	0.6051864057284747	0.7960837985391047
angles 9.210609940080161e-06	-3.894183423058806e-06	1.2999999999820662
end
case as_euler_ZXZ_off_lock
op as_euler
seq ZXZ
quat 4.844562108533038e-06	1.2370197962674608e-06	0.6051864057284747	0.7960837985391047
angles 0.9000000000000001	1e-05	0.39999999999999997
end
case as_euler_ZXY_off_lock
op as_euler
seq ZXY
quat 4.844562108533038e-06	1.2370197962674608e-06	0.6051864057284747	0.7960837985391047
angles 1.300000000017934	9.210609940302206e-06	-3.89418342328085e-06
end
case as_euler_XYZ_off_lock
op as_euler
seq XYZ
quat 4.844562108533038e-06	1.2370197962674608e-06	0.6051864057284747	0.7960837985391047
angles 6.216099682876397e-06	7.833269096479967e-06	1.299999999975654
end
case as_euler_zxz_tb_lock
op as_euler
seq zxz
quat 0.6851245437674767	0.17494101728127354	-0.17494101728127345	0.6851245437674768
angles -0.5000000000000001	1.5707963267948966	1.3877787807814457e-16
end
case as_euler_zxy_tb_lock
op as_euler
seq zxy
quat 0.6851245437674767	0.17494101728127354	-0.17494101728127345	0.6851245437674768
angles -0.5000000000000001	1.5707963267948966	0.0
end
case as_euler_xyz_tb_lock
op as_euler
seq xyz
quat 0.6851245437674767	0.17494101728127354	-0.17494101728127345	0.6851245437674768
angles 1.5707963267948966	0.5	1.1102230246251565e-16
end
case as_euler_ZXZ_tb_lock
op as_euler
seq ZXZ
quat 0.6851245437674767	0.17494101728127354	-0.17494101728127345	0.6851245437674768
angles 1.3877787807814457e-16	1.5707963267948966	-0.5000000000000001
end
case as_euler_ZXY_tb_lock
op as_euler
seq ZXY
quat 0.6851245437674767	0.17494101728127354	-0.17494101728127345	0.6851245437674768
angles -1.5707963267948963	1.0707963267948966	1.5707963267948963
end
case as_euler_XYZ_tb_lock
op as_euler
seq XYZ
quat 0.6851245437674767	0.17494101728127354	-0.17494101728127345	0.6851245437674768
angles 1.5707963267948966	2.220446049250313e-16	-0.5000000000000001
end
case as_euler_zxz_tb_lock_neg
op as_euler
seq zxz
quat -0.5629162523467828	0.42793141137786694	0.42793141137786694	0.5629162523467829
angles -1.8415926535897933	1.5707963267948966	3.141592653589793
end
case as_euler_zxy_tb_lock_neg
op as_euler
seq zxy
quat -0.5629162523467828	0.42793141137786694	0.42793141137786694	0.5629162523467829
angles 1.3	-1.5707963267948963	0.0
end
case as_euler_xyz_tb_lock_neg
op as_euler
seq xyz
quat -0.5629162523467828	0.42793141137786694	0.42793141137786694	0.5629162523467829
angles -1.5707963267948961	1.3000000000000003	3.3306690738754696e-16
end
case as_euler_ZXZ_tb_lock_neg
op as_euler
seq ZXZ
quat -0.5629162523467828	0.42793141137786694	0.42793141137786694	0.5629162523467829
angles 3.141592653589793	1.5707963267948966	-1.8415926535897933
end
case as_euler_ZXY_tb_lock_neg
op as_euler
seq ZXY
quat -0.5629162523467828	0.42793141137786694	0.42793141137786694	0.5629162523467829
angles 1.5707963267948966	-0.2707963267948965	1.5707963267948966
end
case as_euler_XYZ_tb_lock_neg
op as_euler
seq XYZ
quat -0.5629162523467828	0.42793141137786694	0.42793141137786694	0.5629162523467829
angles -1.5707963267948963	2.220446049250313e-16	1.3
end
case as_euler_zxz_half_turn
op as_euler
seq zxz
quat 0.0	0.0	1.0	6.123233995736766e-17
angles 3.141592653589793	0.0	0.0
end
case as_euler_zxy_half_turn
op as_euler
seq zxy
quat 0.0	0.0	1.0	6.123233995736766e-17
angles 3.141592653589793	0.0	0.0
end
case as_euler_xyz_half_turn
op as_euler
seq xyz
quat 0.0	0.0	1.0	6.123233995736766e-17
angles 0.0	0.0	3.141592653589793
end
case as_euler_ZXZ_half_turn
op as_euler
seq ZXZ
quat 0.0	0.0	1.0	6.123233995736766e-17
angles 3.141592653589793	0.0	0.0
end
case as_euler_ZXY_half_turn
op as_euler
seq ZXY
quat 0.0	0.0	1.0	6.123233995736766e-17
angles 3.141592653589793	0.0	0.0
end
case as_euler_XYZ_half_turn
op as_euler
seq XYZ
quat 0.0	0.0	1.0	6.123233995736766e-17
angles -0.0	0.0	3.141592653589793
end
case from_euler_zxz_small
op from_euler
seq zxz
angles 0.3	1.1	-0.4
quat 0.49099812021127226	-0.1792283047852886	-0.04260846739541617	0.8514590884000254
matrix rows 3
0.9321234665400107	-0.10344278786321283	-0.34705249280839273
