# fmn-look-gallery-owner-verdicts v1
# columns: panel	render_sha256	verdict	note	date
